# Started 2025-06-23 22:34:42.456016
0.000099,-0.56
0.401105,1.48
0.405706,600.00
0.405998,872.09
0.406284,1086.96
0.409601,1250.00
0.409906,1388.89
0.410194,1630.43
0.413588,1807.23
0.413881,1851.85
0.414166,2054.79
0.417570,2205.88
0.417837,2380.95
0.418177,2631.58
0.418474,2884.62
0.421715,3061.22
0.425642,3846.15
0.425957,3750.00
0.426255,4166.67
0.430263,4411.76
0.430542,4411.76
0.430800,4687.50
0.433980,4838.71
0.434286,5000.00
0.434573,5000.00
0.438255,5357.14
0.438573,5172.41
0.442066,5357.14
0.442469,5555.56
0.442773,5769.23
0.446674,5555.56
0.447090,6250.00
0.450946,5769.23
0.451203,5769.23
0.451459,5769.23
0.454683,5769.23
0.454973,5769.23
0.455268,5769.23
0.458903,5555.56
0.462566,5555.56
0.462842,5555.56
0.463211,5769.23
0.466528,5769.23
0.466812,5555.56
0.467076,5555.56
0.471290,6000.00
0.471581,5555.56
0.475051,5555.56
0.475348,5769.23
0.475645,5555.56
0.478996,5555.56
0.479581,5769.23
0.483117,5357.14
0.483407,5555.56
0.483693,5357.14
0.487677,5555.56
0.487980,5172.41
0.488276,5555.56
0.491959,5357.14
0.495528,5555.56
0.495759,5357.14
0.496041,5555.56
0.496319,5357.14
0.499681,5555.56
0.499921,5555.56
0.503817,5357.14
0.504091,5357.14
0.507576,5172.41
0.507860,5555.56
0.508123,5357.14
0.511655,5357.14
0.511988,5172.41
0.516103,5357.14
0.516408,5357.14
0.516761,5172.41
0.520021,5357.14
0.520282,5172.41
0.520499,5172.41
0.523998,5172.41
0.527946,5172.41
0.528235,5172.41
0.528452,5172.41
0.528657,5357.14
0.532666,5172.41
0.532970,5172.41
0.533297,5172.41
0.536961,5000.00
0.540553,5172.41
0.541130,5000.00
0.541463,5172.41
0.544514,5172.41
0.544755,5000.00
0.545011,5172.41
0.548780,5357.14
0.549066,5172.41
0.552605,5555.56
0.552882,5555.56
0.553147,5555.56
0.556990,5555.56
0.557291,5769.23
0.561081,5769.23
0.561378,6250.00
0.561624,5555.56
0.565038,6000.00
0.565285,5769.23
0.565582,5769.23
0.569286,6000.00
0.573527,6000.00
0.573758,5769.23
0.573974,6000.00
0.574210,6521.74
0.577685,6250.00
0.581699,6250.00
0.582011,6000.00
0.582304,6000.00
0.585566,6000.00
0.585805,6000.00
0.586072,6000.00
0.589902,6250.00
0.590149,6000.00
0.593674,6521.74
0.593925,5769.23
0.594163,6000.00
0.598064,6000.00
0.601976,5769.23
0.602274,6250.00
0.602558,6250.00
0.605912,6250.00
0.606191,6250.00
0.610045,6000.00
0.610290,6521.74
0.610510,6000.00
0.614018,6250.00
0.614299,6250.00
0.614573,6250.00
0.618993,6000.00
0.619376,6818.18
0.622660,6250.00
0.622950,6250.00
0.623201,6250.00
0.626642,6250.00
0.630581,6250.00
0.630867,6250.00
0.631097,6521.74
0.634532,6000.00
0.634779,6250.00
0.638638,6000.00
0.638889,6521.74
0.639178,6000.00
0.643097,6000.00
0.643377,6000.00
0.643692,6250.00
0.647391,6250.00
0.650916,6000.00
0.651245,6521.74
0.651523,6250.00
0.651824,6000.00
0.655084,6521.74
0.659576,6250.00
0.659826,6250.00
0.660055,6250.00
0.663553,6250.00
0.663817,6521.74
0.664088,6250.00
0.667886,6250.00
0.668129,6000.00
0.671650,6250.00
0.671921,6818.18
0.672153,6250.00
0.675876,6250.00
0.679538,6521.74
0.679811,6521.74
0.680137,6250.00
0.680393,6250.00
0.684084,6250.00
0.688092,6521.74
0.688420,6250.00
0.688732,6250.00
0.691992,6250.00
0.692331,6250.00
0.696260,6250.00
0.696537,6521.74
0.696830,6250.00
0.700642,6521.74
0.700917,6250.00
0.701391,6250.00
0.705153,6521.74
0.708608,6250.00
0.708934,6250.00
0.709211,6250.00
0.709779,6250.00
0.712665,6000.00
0.716613,6521.74
0.716859,6250.00
0.717085,6521.74
0.720612,6250.00
0.720982,6250.00
0.725152,6250.00
0.725441,6250.00
0.725729,6250.00
0.729067,6250.00
0.729311,6250.00
0.729576,6250.00
0.733413,6250.00
0.736993,6250.00
0.737291,6000.00
0.737592,6521.74
0.740944,6250.00
0.741249,6000.00
0.745665,6818.18
0.745950,6250.00
0.746222,6250.00
0.749615,6250.00
0.749872,6250.00
0.753709,6250.00
0.753973,6250.00
0.754263,6250.00
0.757702,6521.74
0.757999,6000.00
0.758288,6250.00
0.762262,6250.00
0.765600,6250.00
0.765892,6250.00
0.766171,6818.18
0.769969,6250.00
0.770210,6250.00
0.774061,6250.00
0.774357,6521.74
0.774658,6250.00
0.778072,6250.00
0.778335,6521.74
0.782140,10000.00
0.786683,6521.74
0.786967,6818.18
0.787233,6250.00
0.790932,6250.00
0.794579,6250.00
0.794856,6000.00
0.795090,6250.00
0.798546,6250.00
0.798791,6250.00
0.802673,6000.00
0.806608,6521.74
0.806904,6521.74
0.807174,6000.00
0.811274,6000.00
0.811551,6000.00
0.815107,6000.00
0.815387,6250.00
0.815663,6000.00
0.819039,5555.56
0.823013,6000.00
0.823275,6000.00
0.823537,6000.00
0.826965,5555.56
0.827217,6000.00
0.827435,5769.23
0.831879,5769.23
0.832111,6000.00
0.835640,5555.56
0.836079,6000.00
0.836352,5769.23
0.839610,6250.00
0.843493,5555.56
0.843775,5769.23
0.844059,5769.23
0.844305,5769.23
0.847660,5555.56
0.847967,5769.23
0.851795,5555.56
0.852164,5555.56
0.855979,5555.56
0.856272,5555.56
0.856540,6000.00
0.859921,5555.56
0.860184,5555.56
0.864064,5172.41
0.864359,5555.56
0.864633,5555.56
0.868058,5769.23
0.868346,5555.56
0.868604,5769.23
0.873068,5357.14
0.873416,5555.56
0.876697,5555.56
0.876984,5357.14
0.877252,5357.14
0.880659,5357.14
0.880945,5555.56
0.884772,5555.56
0.885040,5555.56
0.888536,5357.14
0.888780,5357.14
0.889109,5357.14
0.889373,5357.14
0.892687,5000.00
0.897064,5357.14
0.897350,5555.56
0.897641,5172.41
0.900986,5172.41
0.901273,5357.14
0.901545,5357.14
0.904965,4838.71
0.905751,5357.14
0.909059,5172.41
0.909290,5172.41
0.909508,5172.41
0.913621,5172.41
0.913906,5357.14
0.914172,5172.41
0.917861,5357.14
0.921508,5172.41
0.921831,5000.00
0.922089,5357.14
0.922327,5172.41
0.925677,5172.41
0.925971,5000.00
0.929849,5172.41
0.930107,5000.00
0.933553,5000.00
0.933827,5172.41
0.934099,5172.41
0.937507,5000.00
0.937751,5172.41
0.942078,5000.00
0.942618,5000.00
0.942942,5000.00
0.946024,4687.50
0.946303,5172.41
0.946568,5000.00
0.949970,4838.71
0.950230,4838.71
0.954109,4838.71
0.954392,5000.00
0.954656,4838.71
0.958624,4687.50
0.958857,5000.00
0.959091,4687.50
0.962587,5000.00
0.962845,4687.50
0.966729,4687.50
0.967035,4687.50
0.967331,4687.50
0.970679,4838.71
0.970966,4838.71
0.971201,4838.71
0.974650,4838.71
0.978575,4687.50
0.978805,4687.50
0.979031,4687.50
0.982957,4545.45
0.983277,4411.76
0.983614,4687.50
0.983891,4687.50
0.987108,4838.71
0.991062,4687.50
0.991422,4687.50
0.991723,4687.50
0.995013,4545.45
0.995292,4687.50
0.995565,4687.50
0.999525,4545.45
0.999765,4687.50
0.999982,4687.50
1.003854,4545.45
1.004126,5000.00
1.007599,4545.45
1.007877,4411.76
1.008135,4687.50
1.011563,4545.45
1.011934,4545.45
1.012344,4545.45
1.015815,4545.45
1.019028,4411.76
1.019627,4545.45
1.019879,4411.76
1.020121,4545.45
1.024054,4545.45
1.024323,4411.76
1.024612,4545.45
1.028016,4411.76
1.031925,4411.76
1.032201,4411.76
1.032477,4411.76
1.032770,4285.71
1.036093,4545.45
1.036395,4411.76
1.036682,4285.71
1.040027,4166.67
1.044572,4411.76
1.044849,4285.71
1.045149,4285.71
1.048510,4285.71
1.048788,4285.71
1.049021,4411.76
1.049237,4285.71
1.052639,4285.71
1.052900,4545.45
1.056780,4285.71
1.057141,4285.71
1.060585,4285.71
1.060982,4285.71
1.061319,4166.67
1.064507,4285.71
1.064774,4285.71
1.065017,4285.71
1.065295,4166.67
1.069167,4054.05
1.073006,4166.67
1.073265,4054.05
1.073555,4166.67
1.077056,4054.05
1.077479,4166.67
1.077730,4285.71
1.080920,4285.71
1.081591,4285.71
1.085999,4545.45
1.089581,4838.71
1.089831,4687.50
1.090060,4838.71
1.093551,5357.14
1.093846,5172.41
1.094093,5357.14
1.097839,5555.56
1.098124,5172.41
1.101651,5357.14
1.102000,5769.23
1.102364,6000.00
1.105581,5555.56
1.105981,5769.23
1.110273,5769.23
1.114404,6000.00
1.119267,5769.23
1.120235,6000.00
1.122219,6000.00
1.125563,6000.00
1.126096,6000.00
1.128966,6250.00
1.130631,6000.00
1.131067,6250.00
1.131947,6000.00
1.134616,6000.00
1.135243,6250.00
1.136504,6250.00
1.139034,6000.00
1.139469,6818.18
1.142726,6000.00
1.146151,6000.00
1.146645,6250.00
1.147512,5769.23
1.150596,6250.00
1.151030,6521.74
1.151451,6521.74
1.152010,5769.23
1.155223,6250.00
1.159189,6521.74
1.162959,6250.00
1.163268,6250.00
1.163594,6250.00
1.167262,6250.00
1.172034,6000.00
1.172408,6000.00
1.175598,6000.00
1.176480,6000.00
1.179856,6250.00
1.180668,6000.00
1.183992,6000.00
1.187805,6250.00
1.188243,6000.00
1.188578,5769.23
1.191688,6250.00
1.192039,6000.00
1.192420,6000.00
1.196404,6000.00
1.200069,5769.23
1.200466,5769.23
1.200808,5769.23
1.203974,6000.00
1.204237,6000.00
1.208101,5769.23
1.208369,5769.23
1.208641,5769.23
1.212613,6000.00
1.212910,5769.23
1.213241,6000.00
1.216902,5769.23
1.220509,5769.23
1.220842,5555.56
1.221085,6000.00
1.221413,5769.23
1.224641,5769.23
1.224890,5555.56
1.228813,5769.23
1.229063,5357.14
1.232558,5357.14
1.232819,5769.23
1.233081,5555.56
1.236940,5769.23
1.237586,5555.56
1.241175,5769.23
1.241624,5555.56
1.241932,5555.56
1.245049,5555.56
1.245350,5769.23
1.249323,5555.56
1.249553,5769.23
1.249772,5555.56
1.253110,5555.56
1.253466,5769.23
1.253761,5357.14
1.257707,5555.56
1.261603,5357.14
1.262028,5357.14
1.262403,5357.14
1.265544,5555.56
1.265839,5357.14
1.266064,5769.23
1.266282,5357.14
1.269982,5555.56
1.273600,5000.00
1.273836,5357.14
1.274057,5357.14
1.277579,5357.14
1.277837,5357.14
1.278131,5172.41
1.282356,5357.14
1.282660,5172.41
1.286090,5357.14
1.286397,5172.41
1.286682,5357.14
1.290051,5357.14
1.290357,5172.41
1.294155,5357.14
1.294439,5172.41
1.298502,5172.41
1.298752,5357.14
1.298980,5000.00
1.299191,5357.14
1.302711,5000.00
1.306611,5000.00
1.306902,5357.14
1.307165,5172.41
1.310574,5172.41
1.310922,5172.41
1.311189,5172.41
1.314502,5000.00
1.315091,5000.00
1.318641,5172.41
1.318885,5172.41
1.319173,5000.00
1.323010,5172.41
1.323319,5000.00
1.323584,5000.00
1.327342,5172.41
1.327637,4687.50
1.331107,4838.71
1.331497,5000.00
1.331829,5000.00
1.335086,5000.00
1.335383,5000.00
1.335644,4838.71
1.339919,5000.00
1.343545,5000.00
1.343895,4838.71
1.344187,4838.71
1.344492,4838.71
1.347684,4838.71
1.347967,4838.71
1.351819,5000.00
1.352334,4838.71
1.355598,4838.71
1.355892,4687.50
1.356153,4838.71
1.359648,4838.71
1.359929,4838.71
1.360159,4838.71
1.363862,4838.71
1.364147,4838.71
1.368058,4838.71
1.368305,4687.50
1.368531,4838.71
1.371988,4687.50
1.372278,4687.50
1.372552,4687.50
1.376284,4838.71
1.376704,4545.45
1.380184,4687.50
1.380566,4545.45
1.380899,4687.50
1.384656,4687.50
1.385023,4545.45
1.385286,4687.50
1.388741,4545.45
1.392512,4545.45
1.392772,4687.50
1.393287,4545.45
1.393837,4545.45
1.396646,4687.50
1.397023,4411.76
1.397321,4545.45
1.400772,4545.45
1.404569,4545.45
1.404913,4545.45
1.405208,4411.76
1.408935,4411.76
1.409283,4545.45
1.409613,4545.45
1.409848,4545.45
1.413068,4411.76
1.413363,4285.71
1.417165,4545.45
1.417415,4411.76
1.420985,4285.71
1.421274,4285.71
1.421845,4411.76
1.425501,4411.76
1.425747,4411.76
1.425991,4411.76
1.429792,4411.76
1.430181,4411.76
1.433581,4285.71
1.433867,4285.71
1.434134,4285.71
1.437552,4285.71
1.437796,4411.76
1.438094,4285.71
1.441503,4285.71
1.441755,4166.67
1.445674,4285.71
1.445972,4166.67
1.446246,4166.67
1.449664,4166.67
1.449935,4285.71
1.450305,4054.05
1.453993,4166.67
1.454286,4166.67
1.454567,4166.67
1.458377,3947.37
1.458633,4054.05
1.462072,4166.67
1.462373,4054.05
1.462622,4054.05
1.466065,4166.67
1.466501,3947.37
1.466856,4054.05
1.470583,4054.05
1.471567,4054.05
1.474660,4054.05
1.474934,4054.05
1.475202,4054.05
1.478651,3947.37
1.478958,3947.37
1.479277,4054.05
1.482614,4054.05
1.482975,3947.37
1.483295,3947.37
1.486862,4054.05
1.487121,3947.37
1.490696,3947.37
1.491009,3947.37
1.491374,3846.15
1.495055,3947.37
1.495347,3947.37
1.495612,3846.15
1.499040,3947.37
1.499404,3846.15
1.503162,3947.37
1.503419,3846.15
1.503662,3846.15
1.507090,3750.00
1.507341,3846.15
1.507662,3947.37
1.511654,3846.15
1.512020,3846.15
1.512403,3750.00
1.515595,3846.15
1.515878,3750.00
1.519787,3846.15
1.520036,3658.54
1.520277,3750.00
1.523651,3750.00
1.523927,3658.54
1.524186,3658.54
1.527631,3658.54
1.527873,3658.54
1.528088,3658.54
1.531623,3488.37
1.531882,3571.43
1.536184,3658.54
1.536478,3571.43
1.536744,3571.43
1.540075,3571.43
1.540471,3571.43
1.540811,3571.43
1.544078,3658.54
1.544363,3571.43
1.544632,3571.43
1.548023,3571.43
1.548260,3488.37
1.552702,3571.43
1.552936,3488.37
1.553152,3571.43
1.556663,3488.37
1.556927,3333.33
1.557194,3409.09
1.560668,3571.43
1.560933,3409.09
1.561151,3488.37
1.564616,3488.37
1.564892,3488.37
1.568792,3571.43
1.569014,3260.87
1.569221,3409.09
1.572704,3488.37
1.572976,3409.09
1.573251,3333.33
1.576644,3409.09
1.576897,3409.09
1.577161,3409.09
1.581033,3333.33
1.581445,3488.37
1.581881,3333.33
1.585341,3409.09
1.585621,3333.33
1.589105,3260.87
1.589353,3333.33
1.589584,3333.33
1.593082,3191.49
1.593363,3333.33
1.593624,3409.09
1.597629,3260.87
1.597879,3260.87
1.598169,3260.87
1.601559,3260.87
1.601835,3191.49
1.605709,3260.87
1.606006,3260.87
1.606270,3125.00
1.609668,3260.87
1.609948,3125.00
1.610181,3125.00
1.613592,3125.00
1.613885,3260.87
1.614238,3191.49
1.617565,3125.00
1.617803,3191.49
1.618102,3125.00
1.621958,3125.00
1.622556,3125.00
1.626090,3061.22
1.626362,2941.18
1.626616,3125.00
1.630119,3061.22
1.630475,3000.00
1.630765,3061.22
1.633993,3125.00
1.634235,3061.22
1.634468,3000.00
1.638528,3061.22
1.638744,3000.00
1.638966,3000.00
1.642815,3125.00
1.643078,3000.00
1.646583,3000.00
1.646831,3000.00
1.647067,3000.00
1.650571,2884.62
1.650952,2941.18
1.651222,2941.18
1.654537,2941.18
1.654818,2941.18
1.655071,2941.18
1.655309,2884.62
1.658886,2941.18
1.659106,2884.62
1.663205,2884.62
1.663472,2884.62
1.666979,2830.19
1.667259,2830.19
1.667494,2884.62
1.670952,2830.19
1.671189,2830.19
1.671425,2830.19
1.671721,2941.18
1.675089,2830.19
1.675371,2777.78
1.675611,2884.62
1.679059,2830.19
1.679297,2777.78
1.679612,2727.27
1.683838,2830.19
1.687535,2777.78
1.687753,2727.27
1.687982,2631.58
1.688219,2727.27
1.691686,2631.58
1.691935,2631.58
1.692193,2678.57
1.695639,2727.27
1.695904,2727.27
1.696144,2678.57
1.699598,2631.58
1.699859,2586.21
1.700057,2678.57
1.703590,2631.58
1.704059,2678.57
1.708064,2727.27
1.708282,2586.21
1.708491,2586.21
1.712057,2586.21
1.712312,2631.58
1.712546,2631.58
1.716032,2542.37
1.716298,2586.21
1.716556,2586.21
1.719981,2631.58
1.720361,2542.37
1.720627,2542.37
1.724505,2542.37
1.724724,2542.37
1.724946,2459.02
1.725199,2459.02
1.728913,2586.21
1.732606,2542.37
1.732888,2542.37
1.733121,2459.02
1.736565,2459.02
1.736781,2459.02
1.737011,2419.35
1.740514,2419.35
1.740737,2419.35
1.740949,2500.00
1.741243,2500.00
1.744708,2380.95
1.744978,2459.02
1.745224,2419.35
1.749067,2419.35
1.749274,2459.02
1.749470,2343.75
1.753321,2419.35
1.756928,2500.00
1.757148,2343.75
1.757424,2307.69
1.757632,2343.75
1.761079,2343.75
1.761320,2307.69
1.761583,2272.73
1.765034,2272.73
1.765305,2307.69
1.765558,2343.75
1.769616,2343.75
1.769877,2307.69
1.770090,2272.73
1.773540,2307.69
1.773768,2272.73
1.774000,2238.81
1.774228,2173.91
1.777893,2272.73
1.781628,2272.73
1.781866,2238.81
1.782131,2205.88
1.785597,2173.91
1.785958,2173.91
1.786218,2238.81
1.789568,2173.91
1.789871,2173.91
1.790119,2083.33
1.790401,2142.86
1.794081,2173.91
1.794349,2173.91
1.794591,2142.86
1.798073,2142.86
1.798417,2112.68
1.798736,2112.68
1.802028,2142.86
1.802246,2083.33
1.802473,2054.79
1.806260,2112.68
1.806645,2112.68
1.810713,2112.68
1.810947,2083.33
1.811160,2054.79
1.814623,2027.03
1.814865,2027.03
1.815069,2000.00
1.818623,2000.00
1.818861,1973.68
1.819086,2000.00
1.822573,1973.68
1.822791,2027.03
1.823033,2027.03
1.826543,2000.00
1.826762,2000.00
1.826994,1973.68
1.827221,1973.68
1.830671,1973.68
1.830936,1973.68
1.831168,1923.08
1.835063,1898.73
1.838989,1973.68
1.839216,1973.68
1.839420,1923.08
1.842969,1898.73
1.843226,1875.00
1.843464,1898.73
1.843716,1875.00
1.847059,1898.73
1.847268,1851.85
1.847465,1829.27
1.851609,1875.00
1.851849,1829.27
1.852114,1851.85
1.855612,1875.00
1.855877,1851.85
1.856121,1807.23
1.859590,1807.23
1.859859,1785.71
1.860471,1807.23
1.863514,1807.23
1.863786,1807.23
1.864070,1764.71
1.864286,1764.71
1.867927,1764.71
1.871593,1829.27
1.871925,1785.71
1.872204,1744.19
1.875717,1685.39
1.876036,1724.14
1.876266,1704.55
1.879955,1704.55
1.880270,1724.14
1.880624,1724.14
1.880947,1685.39
1.884066,1666.67
1.884316,1666.67
1.884558,1666.67
1.888068,1685.39
1.888313,1704.55
1.888633,1724.14
1.892017,1666.67
1.892278,1630.43
1.892520,1630.43
1.896601,1630.43
1.896850,1630.43
1.897073,1630.43
1.897322,1630.43
1.900681,1595.74
1.900952,1578.95
1.904790,1578.95
1.905042,1612.90
1.908591,1595.74
1.908827,1595.74
1.909052,1562.50
1.912553,1530.61
1.912794,1530.61
1.913053,1515.15
1.913280,1530.61
1.916651,1530.61
1.916887,1530.61
1.917124,1515.15
1.921068,1485.15
1.921303,1485.15
1.921680,1485.15
1.925059,1485.15
1.925280,1515.15
1.925476,1515.15
1.929034,1515.15
1.929319,1500.00
1.929601,1470.59
1.932974,1442.31
1.933232,1428.57
1.933468,1428.57
1.933691,1442.31
1.937657,1442.31
1.937890,1428.57
1.938161,1388.89
1.941613,1376.15
1.941849,1376.15
1.945762,1401.87
1.946071,1401.87
1.949566,1401.87
1.950229,1401.87
1.950448,1376.15
1.950657,1339.29
1.953778,1327.43
1.954034,1327.43
1.954297,1351.35
1.957616,1327.43
1.957833,1327.43
1.958030,1315.79
1.962003,1315.79
1.962265,1282.05
1.962526,1282.05
1.966004,1260.50
1.966275,1260.50
1.966518,1271.19
1.969934,1293.10
1.970426,1315.79
1.970704,1293.10
1.971055,1282.05
1.974079,1260.50
1.974328,1250.00
1.974565,1229.51
1.978274,1219.51
1.978494,1219.51
1.978710,1190.48
1.982598,1219.51
1.982852,1209.68
1.983084,1200.00
1.986551,1200.00
1.986771,1171.88
1.987030,1162.79
1.990839,1171.88
1.991111,1162.79
1.994628,1171.88
1.994889,1181.10
1.995150,1171.88
1.998604,1162.79
1.998876,1136.36
1.999151,1127.82
2.002565,1119.40
2.002811,1111.11
2.003071,1094.89
2.006929,1102.94
2.007154,1102.94
2.007355,1102.94
2.007545,1094.89
2.011072,1086.96
2.011307,1063.83
2.011534,1071.43
2.015050,1056.34
2.015316,1063.83
2.015620,1041.67
2.019042,1041.67
2.019404,1041.67
2.019662,1048.95
2.023560,1048.95
2.023824,1048.95
2.024087,1034.48
2.024344,1027.40
2.027641,1013.51
2.027866,1000.00
2.028091,993.38
2.031624,986.84
2.031871,986.84
2.032111,967.74
2.035570,974.03
2.035816,943.40
2.036020,955.41
2.036233,961.54
2.039674,949.37
2.039944,943.40
2.040185,925.93
2.043570,909.09
2.043825,909.09
2.044057,903.61
2.048170,903.61
2.048374,909.09
2.052012,909.09
2.052257,914.63
2.052486,909.09
2.052702,914.63
2.056102,898.20
2.056359,898.20
2.056600,882.35
2.060035,872.09
2.060280,857.14
2.060593,842.70
2.064512,847.46
2.064731,833.33
2.064982,824.18
2.065221,819.67
2.068622,824.18
2.068838,824.18
2.069060,819.67
2.072552,815.22
2.072792,815.22
2.073024,806.45
2.073239,797.87
2.076615,781.25
2.076824,781.25
2.077063,781.25
2.080563,773.20
2.080788,761.42
2.081023,761.42
2.081261,753.77
2.084675,753.77
2.084924,750.00
2.085159,746.27
2.088622,750.00
2.088961,757.58
2.089168,746.27
2.089371,753.77
2.093104,746.27
2.093353,735.29
2.093581,731.71
2.096999,724.64
2.097205,704.23
2.097390,694.44
2.100929,681.82
2.101136,688.07
2.101348,681.82
2.101543,672.65
2.105157,666.67
2.106073,660.79
2.106380,655.02
2.109574,652.17
2.109891,643.78
2.110196,638.30
2.110511,632.91
2.113723,630.25
2.114002,632.91
2.114259,625.00
2.117629,614.75
2.117875,607.29
2.118069,604.84
2.118284,592.89
2.121687,592.89
2.121977,585.94
2.122305,574.71
2.125626,566.04
2.126135,566.04
2.129715,561.80
2.130106,561.80
2.131132,557.62
2.134088,549.45
2.134473,551.47
2.134882,549.45
2.137944,549.45
2.138171,545.45
2.138373,539.57
2.138581,531.91
2.142073,522.65
2.142322,520.83
2.142602,520.83
2.145977,515.46
2.146198,510.20
2.146413,496.69
2.146634,490.20
2.150646,477.71
2.150925,470.22
2.151237,464.40
2.154556,457.32
2.154803,454.55
2.155034,445.10
2.155253,437.32
2.158632,424.93
2.158871,418.99
2.159087,426.14
2.162591,422.54
2.162796,420.17
2.163029,412.09
2.163251,412.09
2.166657,405.41
2.166878,396.83
2.167083,394.74
2.170585,391.64
2.170790,385.60
2.170976,380.71
2.174521,370.37
2.174854,358.00
2.175311,352.94
2.178618,354.61
2.179066,355.45
2.179424,350.47
2.183085,343.25
2.183319,338.60
2.187005,330.40
2.187326,322.58
2.190965,321.20
2.191180,313.81
2.191382,309.28
2.195120,302.42
2.195363,292.40
2.199668,276.75
2.203617,268.82
2.203880,272.23
2.207565,275.74
2.207769,268.34
2.211631,262.24
2.211874,253.38
2.215630,242.33
2.219517,229.36
2.219758,214.29
2.223673,206.90
2.228013,195.31
2.228224,182.26
2.232068,156.09
2.240057,103.31
2.260514,-31.19
2.273067,-39.78
2.281076,-84.65
2.285139,-96.34
2.293663,-83.52
2.305777,-49.98
2.522657,2.77
2.567685,-13.69
2.879116,1.92
2.977497,6.24
# Stopped 2025-06-23 22:34:56.959412
